 -912.0880 -409.9940         0
         0         0         0
         0         0         0
  377.8890  925.8510         0
 -921.8510 -387.5450         0
 -925.8510  377.8890         0
 -915.8330 -401.5590         0
         0         0         0
         0         0         0
 -342.8390 -939.3940         0
  939.3940 -342.8390         0
 -421.8280  906.6760         0
  416.2540  909.2480         0
 -909.2480  416.2540         0
  430.1220 -902.7710         0
  902.7710  430.1220         0
         0         0         0
  395.8350  918.3220         0
 -928.3750 -371.6450         0
 -918.3220  395.8350         0
 -356.1840 -934.4160         0
  934.4170 -356.1810         0
 -408.8740  912.5910         0
         0         0         0
  403.0750  915.1670         0
 -915.1670  403.0750         0
         0         0         0
         0         0         0
         0         0         0
 -271.3940 -962.4680         0
  962.4680 -271.3940         0
 -488.6630  872.4730         0
 -406.3440 -913.7200         0
  913.7200 -406.3440         0
 -358.7690  933.4270         0
  358.7690 -933.4270         0
  933.4270  358.7690         0
 -876.6450  481.1380         0
  481.1380  876.6450         0
         0         0         0
  352.9140  935.6560         0
 -935.6560  352.9140         0
  339.8180 -940.4910         0
  940.4840  339.8370         0
 -940.5420 -339.6770         0
 -482.1850 -876.0700         0
  876.0700 -482.1850         0
 -278.5190  960.4310         0
  278.4500 -960.4510         0
  960.4510  278.4500         0
  270.6200  962.6860         0
 -962.6860  270.6200         0
         0         0         0
  334.0650 -942.5500         0
  942.5430  334.0860         0
 -942.5460 -334.0780         0
 -420.2340 -907.4160         0
  907.4160 -420.2340         0
 -344.4890  938.7900         0
  344.4170 -938.8170         0
  938.8170  344.4170         0
  338.5580  940.9450         0
 -940.9450  338.5580         0
         0         0         0
 -426.5320  904.4720         0
 -337.9860 -941.1510         0
  941.1690 -337.9360         0
  937.7230  347.3840         0
  347.3840 -937.7230         0
 -938.0510 -346.4970         0
         0         0         0
         0         0         0
         0         0         0
         0         0         0
         0         0         0
 -861.9550 -506.9850         0
  861.9640  506.9700         0
  506.9700 -861.9640         0
         0         0         0
 -318.9390  947.7750         0
 -444.6960 -895.6810         0
  895.7570 -444.5450         0
  954.6750 -297.6510         0
 -297.6510 -954.6750         0
 -464.5860  885.5280         0
         0         0         0
 -885.7650  464.1340         0
  464.1340  885.7650         0
  909.5970  415.4920         0
  415.4920 -909.5970         0
         0         0         0
         0         0         0
         0         0         0
         0         0         0
 -364.0000  931.3990         0
 -401.2810 -915.9550         0
  916.0400 -401.0860         0
 -513.7790 -857.9230         0
 -243.2220  969.9710         0
 -464.3840  885.6340         0
 -297.8690 -954.6070         0
  954.6070 -297.8690         0
  858.2660 -513.2050         0
 -879.1340  476.5750         0
  476.5750  879.1340         0
         0         0         0
 -943.3680  331.7480         0
  331.7480  943.3680         0
  950.8050  309.7890         0
  309.7890 -950.8050         0
 -951.0940 -308.9020         0
         0         0         0
         0         0         0
         0         0         0
         0         0         0
 -453.4570  891.2780         0
 -309.6440 -950.8530         0
  950.8780 -309.5660         0
 -384.5430  923.1070         0
 -380.8570 -924.6340         0
  924.6620 -380.7890         0
 -470.8210 -882.2290         0
 -290.8230  956.7770         0
         0         0         0
  882.6290 -470.0690         0
 -461.8950 -886.9350         0
  886.9350 -461.8950         0
 -300.5490  953.7670         0
  300.4800 -953.7880         0
  953.7880  300.4800         0
  884.4690 -466.6000         0
 -466.6000 -884.4690         0
 -295.4780  955.3500         0
  294.4620 -955.6630         0
  955.6630  294.4620         0
  287.5930  957.7530         0
 -957.7530  287.5930         0
 -877.0980 -480.3110         0
  877.1060  480.2960         0
  480.2960 -877.1060         0
 -955.3320  295.5350         0
  295.5350  955.3320         0
         0         0         0
  355.4200  934.7070         0
 -934.7070  355.4200         0
  911.2460 -411.8630         0
 -411.8630 -911.2460         0
 -353.1170  935.5790         0
 -870.6460  491.9100         0
  491.9100  870.6460         0
 -275.7260 -961.2360         0
  961.2360 -275.7260         0
 -484.7290  874.6640         0
         0         0         0
         0         0         0
         0         0         0
         0         0         0
         0         0         0
 -427.7660  903.8900         0
  941.6230 -336.6700         0
 -336.6700 -941.6230         0
         0         0         0
 -900.7080  434.4250         0
  434.4250  900.7080         0
         0         0         0
  339.0990  940.7510         0
 -940.7510  339.0990         0
  904.9210 -425.5790         0
 -425.5790 -904.9210         0
 -338.9460  940.8060         0
         0         0         0
         0         0         0
         0         0         0
 -497.4410  867.4980         0
 -261.7020 -965.1490         0
  965.1590 -261.6650         0
  350.3720 -936.6110         0
  936.6110  350.3720         0
 -937.4830 -348.0300         0
  384.8980  922.9590         0
 -922.9590  384.8980         0
  367.7030  929.9430         0
 -929.9430  367.7030         0
         0         0         0
         0         0         0
         0         0         0
 -872.1220 -489.2890         0
  872.1800  489.1850         0
  489.1850 -872.1800         0
         0         0         0
         0         0         0
  407.9940 -912.9850         0
  912.9850  407.9940         0
 -926.5580  376.1510         0
  376.1820  926.5460         0
         0         0         0
         0         0         0
         0         0         0
  936.5250  350.6000         0
 -350.6000  936.5250         0
 -414.3120 -910.1350         0
  910.1350 -414.3120         0
  350.6000 -936.5250         0
         0         0         0
  351.0920  936.3410         0
 -936.3410  351.0920         0
 -910.3600 -413.8180         0
         0         0         0
         0         0         0
 -290.4400 -956.8930         0
  956.8930 -290.4400         0
 -471.2540  881.9980         0
  459.2270  888.3190         0
 -888.3190  459.2270         0
  926.5480  376.1770         0
 -376.1770  926.5480         0
 -389.1710 -921.1650         0
  921.1650 -389.1710         0
  376.1770 -926.5480         0
 -923.9530 -382.5060         0
         0         0         0
         0         0         0
  339.1090 -940.7470         0
  940.7470  339.1090         0
 -930.2560 -366.9120         0
  446.5080  894.7800         0
 -894.7970  446.4730         0
         0         0         0
  937.0950  349.0740         0
  349.0740 -937.0950         0
         0         0         0
         0         0         0
         0         0         0
         0         0         0
         0         0         0
         0         0         0
         0         0         0
         0         0         0
  429.0550 -903.2790         0
  903.2790  429.0550         0
  395.3440  918.5330         0
 -918.5330  395.3440         0
 -368.8240 -929.4990         0
  929.4990 -368.8240         0
 -396.4580  918.0530         0
 -952.7660 -303.7060         0
  952.7090  303.8850         0
  303.8670 -952.7140         0
 -905.9940 -423.2900         0
  906.0890  423.0880         0
  423.0880 -906.0890         0
         0         0         0
         0         0         0
         0         0         0
         0         0         0
         0         0         0
         0         0         0
         0         0         0
         0         0         0
         0         0         0
         0         0         0
         0         0         0
         0         0         0
         0         0         0
         0         0         0
 -526.2840  850.3090         0
 -229.1510 -973.3910         0
  973.3990 -229.1170         0
  405.3990  914.1400         0
 -914.1540  405.3680         0
         0         0         0
         0         0         0
  465.9430  884.8150         0
 -885.0270  465.5400         0
         0         0         0
 -905.9170 -423.4550         0
 -912.0780 -410.0180         0
         0         0         0
         0         0         0
         0         0         0
 -901.4440 -432.8960         0
  901.4520  432.8790         0
  432.8790 -901.4520         0
         0         0         0
         0         0         0
         0         0         0
         0         0         0
         0         0         0
         0         0         0
         0         0         0
         0         0         0
 -938.2300 -346.0120         0
  420.1550  907.4520         0
 -907.4520  420.1550         0
 -365.8860  930.6600         0
 -399.3550 -916.7960         0
  916.7960 -399.3550         0
 -931.1400  364.6630         0
  364.6630  931.1400         0
         0         0         0
         0         0         0
 -336.6290 -941.6370         0
  941.6370 -336.6290         0
  427.8050 -903.8710         0
  903.8710  427.8050         0
 -427.8050  903.8710         0
         0         0         0
         0         0         0
         0         0         0
         0         0         0
         0         0         0
         0         0         0
  333.9320  942.5970         0
 -942.5970  333.9320         0
         0         0         0
  230.7190  973.0200         0
 -973.0200  230.7190         0
 -325.2720  945.6210         0
 -438.6530 -898.6570         0
  898.6570 -438.6530         0
 -351.6880 -936.1170         0
  936.1170 -351.6880         0
  413.2540 -910.6160         0
  910.6160  413.2540         0
 -413.2540  910.6160         0
         0         0         0
         0         0         0
         0         0         0
  395.3080 -918.5490         0
  918.5490  395.3080         0
 -918.5960 -395.1980         0
 -899.4710 -436.9810         0
  899.5360  436.8460         0
  436.8460 -899.5360         0
         0         0         0
  394.2640 -918.9970         0
  918.9970  394.2640         0
 -919.0360 -394.1730         0
 -908.0200 -418.9270         0
  908.2870  418.3480         0
  418.3480 -908.2870         0
  524.4630 -851.4330         0
  851.4330  524.4630         0
 -851.3780 -524.5530         0
  527.8540  849.3350         0
 -849.3350  527.8540         0
         0         0         0
 -859.0150  511.9500         0
 -405.5270  914.0830         0
 -359.6040 -933.1050         0
  933.1050 -359.6040         0
 -913.4300  406.9960         0
  406.9960  913.4300         0
  263.1520  964.7540         0
 -964.7540  263.1520         0
         0         0         0
         0         0         0
         0         0         0
 -453.4590 -891.2770         0
  891.2770 -453.4590         0
  309.5840 -950.8720         0
  950.8720  309.5840         0
 -309.5840  950.8720         0
         0         0         0
  313.6050  949.5540         0
 -949.5540  313.6050         0
  954.9320  296.8250         0
 -296.8250  954.9320         0
  296.8250 -954.9320         0
 -465.3520 -885.1260         0
  885.1260 -465.3520         0
  296.8210  954.9330         0
 -954.9330  296.8210         0
 -885.1240 -465.3550         0
  337.6280 -941.2800         0
 -337.6280  941.2800         0
  941.2800  337.6280         0
 -426.8460 -904.3240         0
  904.3240 -426.8460         0
  304.4250  952.5360         0
 -952.5360  304.4250         0
 -890.4640 -455.0530         0
  308.5830  951.1970         0
 -951.1970  308.5830         0
 -891.4660 -453.0870         0
 -321.5360 -946.8970         0
  946.9010 -321.5250         0
 -442.2040  896.9150         0
         0         0         0
         0         0         0
 -456.8110 -889.5640         0
  889.5640 -456.8110         0
 -469.3930 -882.9900         0
  882.9900 -469.3930         0
  306.0020 -952.0310         0
  952.0310  306.0020         0
 -306.0020  952.0310         0
  292.4570 -956.2790         0
  956.2790  292.4570         0
 -292.4570  956.2790         0
 -275.5280 -961.2930         0
  961.2950 -275.5210         0
 -513.0300  858.3710         0
 -244.1970 -969.7260         0
  969.7270 -244.1900         0
 -484.9130  874.5620         0
         0         0         0
  338.4300  940.9920         0
 -940.9920  338.4300         0
 -905.0350 -425.3370         0
         0         0         0
         0         0         0
 -413.5980 -910.4600         0
  910.4600 -413.5980         0
  351.3340 -936.2500         0
 -351.3340  936.2500         0
  936.2500  351.3340         0
         0         0         0
  413.3680  910.5640         0
 -910.5640  413.3680         0
  429.3080  903.1580         0
 -903.1580  429.3080         0
 -427.5050 -904.0130         0
  904.0130 -427.5050         0
  336.9420 -941.5250         0
 -336.9420  941.5250         0
  941.5250  336.9420         0
         0         0         0
         0         0         0
  291.4290  956.5920         0
 -956.5920  291.4290         0
 -883.1880 -469.0200         0
 -966.7830  255.5980         0
  255.5980  966.7830         0
  426.5850  904.4470         0
 -904.4470  426.5850         0
         0         0         0
         0         0         0
 -921.6500  388.0230         0
  388.0230  921.6500         0
 -480.1800 -877.1700         0
  877.1700 -480.1800         0
  280.7140 -959.7910         0
 -280.7140  959.7910         0
  959.7910  280.7140         0
         0         0         0
         0         0         0
         0         0         0
         0         0         0
         0         0         0
         0         0         0
         0         0         0
         0         0         0
         0         0         0
         0         0         0
         0         0         0
         0         0         0
         0         0         0
         0         0         0
         0         0         0
  274.4810  961.5920         0
 -961.5920  274.4810         0
 -872.9030 -487.8940         0
         0         0         0
         0         0         0
  457.5720  889.1730         0
 -889.1730  457.5720         0
         0         0         0
         0         0         0
         0         0         0
         0         0         0
         0         0         0
         0         0         0
         0         0         0
         0         0         0
 -942.0360 -335.5110         0
         0         0         0
         0         0         0
         0         0         0
 -944.7600 -327.7620         0
         0         0         0
         0         0         0
         0         0         0
         0         0         0
         0         0         0
         0         0         0
         0         0         0
 -953.9300 -300.0280         0
         0         0         0
         0         0         0
         0         0         0
  478.5670  878.0510         0
 -878.0510  478.5670         0
         0         0         0
         0         0         0
         0         0         0
         0         0         0
         0         0         0
         0         0         0
 -961.9210 -273.3260         0
         0         0         0
 -474.4000 -880.3100         0
  880.3100 -474.4000         0
 -922.5720 -385.8260         0
 -935.9350 -352.1720         0
  474.3100  880.3580         0
 -880.3580  474.3100         0
 -958.2840 -285.8190         0
         0         0         0
 -952.5330 -304.4360         0
  470.2100  882.5550         0
 -882.5550  470.2100         0
  287.0220 -957.9240         0
         0         0         0
  957.9240  287.0220         0
 -287.0220  957.9240         0
 -956.3980 -292.0660         0
         0         0         0
 -959.7920 -280.7120         0
 -257.6610 -966.2350         0
  966.2350 -257.6610         0
 -957.5560 -288.2470         0
         0         0         0
         0         0         0
         0         0         0
 -955.3320 -295.5350         0
         0         0         0
         0         0         0
  244.2500  969.7120         0
 -969.7120  244.2500         0
         0         0         0
         0         0         0
  864.7230  502.2490         0
 -501.0370  865.4260         0
         0         0         0
         0         0         0
         0         0         0
  502.2490 -864.7230         0
         0         0         0
         0         0         0
         0         0         0
         0         0         0
         0         0         0
         0         0         0
         0         0         0
         0         0         0
         0         0         0
         0         0         0
 -864.7230 -502.2490         0
  873.9780  485.9660         0
         0         0         0
  857.4280 -514.6050         0
 -514.6050 -857.4280         0
         0         0         0
         0         0         0
         0         0         0
         0         0         0
         0         0         0
         0         0         0
         0         0         0
         0         0         0
         0         0         0
         0         0         0
         0         0         0
         0         0         0
         0         0         0
  964.1870  265.2250         0
 -266.1960  963.9190         0
 -964.4470 -264.2780         0
  485.9660 -873.9780         0
  265.2250 -964.1870         0
         0         0         0
         0         0         0
         0         0         0
 -937.2120 -348.7600         0
         0         0         0
         0         0         0
         0         0         0
         0         0         0
         0         0         0
         0         0         0
         0         0         0
         0         0         0
         0         0         0
         0         0         0
         0         0         0
         0         0         0
         0         0         0
 -943.4060 -331.6410         0
         0         0         0
         0         0         0
         0         0         0
         0         0         0
         0         0         0
         0         0         0
         0         0         0
         0         0         0
         0         0         0
         0         0         0
         0         0         0
         0         0         0
         0         0         0
         0         0         0
         0         0         0
         0         0         0
         0         0         0
         0         0         0
         0         0         0
         0         0         0
         0         0         0
         0         0         0
         0         0         0
         0         0         0
         0         0         0
         0         0         0
         0         0         0
         0         0         0
         0         0         0
         0         0         0
         0         0         0
         0         0         0
         0         0         0
         0         0         0
         0         0         0
         0         0         0
         0         0         0
         0         0         0
         0         0         0
         0         0         0
         0         0         0
         0         0         0
         0         0         0
         0         0         0
         0         0         0
         0         0         0
         0         0         0
         0         0         0
         0         0         0
         0         0         0
         0         0         0
         0         0         0
         0         0         0
         0         0         0
         0         0         0
         0         0         0
         0         0         0
         0         0         0
         0         0         0
         0         0         0
         0         0         0
         0         0         0
         0         0         0
         0         0         0
         0         0         0
         0         0         0
         0         0         0
         0         0         0
         0         0         0
         0         0         0
         0         0         0
         0         0         0
         0         0         0
         0         0         0
         0         0         0
         0         0         0
         0         0         0
         0         0         0
         0         0         0
         0         0         0
         0         0         0
         0         0         0
         0         0         0
         0         0         0
         0         0         0
         0         0         0
         0         0         0
         0         0         0
         0         0         0
         0         0         0
         0         0         0
         0         0         0
         0         0         0
         0         0         0
         0         0         0
         0         0         0
         0         0         0
         0         0         0
         0         0         0
         0         0         0
         0         0         0
         0         0         0
         0         0         0
         0         0         0
         0         0         0
         0         0         0
         0         0         0
         0         0         0
         0         0         0
         0         0         0
         0         0         0
         0         0         0
         0         0         0
         0         0         0
         0         0         0
         0         0         0
         0         0         0
         0         0         0
         0         0         0
         0         0         0
         0         0         0
         0         0         0
         0         0         0
         0         0         0
         0         0         0
         0         0         0
         0         0         0
         0         0         0
         0         0         0
         0         0         0
         0         0         0
         0         0         0
         0         0         0
         0         0         0
         0         0         0
         0         0         0
         0         0         0
         0         0         0
         0         0         0
         0         0         0
         0         0         0
         0         0         0
         0         0         0
         0         0         0
         0         0         0
         0         0         0
         0         0         0
         0         0         0
         0         0         0
         0         0         0
         0         0         0
         0         0         0
         0         0         0
         0         0         0
         0         0         0
         0         0         0
         0         0         0
         0         0         0
         0         0         0
         0         0         0
         0         0         0
         0         0         0
         0         0         0
         0         0         0
         0         0         0
         0         0         0
         0         0         0
         0         0         0
         0         0         0
         0         0         0
         0         0         0
         0         0         0
         0         0         0
         0         0         0
         0         0         0
         0         0         0
         0         0         0
         0         0         0
         0         0         0
         0         0         0
         0         0         0
         0         0         0
         0         0         0
         0         0         0
         0         0         0
         0         0         0
         0         0         0
         0         0         0
         0         0         0
         0         0         0
         0         0         0
         0         0         0
         0         0         0
         0         0         0
         0         0         0
         0         0         0
         0         0         0
         0         0         0
         0         0         0
         0         0         0
         0         0         0
         0         0         0
         0         0         0
         0         0         0
         0         0         0
         0         0         0
         0         0         0
         0         0         0
         0         0         0
         0         0         0
         0         0         0
         0         0         0
         0         0         0
         0         0         0
         0         0         0
         0         0         0
         0         0         0
         0         0         0
         0         0         0
         0         0         0
         0         0         0
         0         0         0
         0         0         0
         0         0         0
         0         0         0
         0         0         0
         0         0         0
         0         0         0
         0         0         0
         0         0         0
         0         0         0
         0         0         0
         0         0         0
         0         0         0
         0         0         0
         0         0         0
         0         0         0
         0         0         0
         0         0         0
         0         0         0
         0         0         0
         0         0         0
         0         0         0
         0         0         0
         0         0         0
         0         0         0
         0         0         0
         0         0         0
         0         0         0
         0         0         0
         0         0         0
         0         0         0
         0         0         0
         0         0         0
         0         0         0
         0         0         0
         0         0         0
         0         0         0
         0         0         0
         0         0         0
         0         0         0
         0         0         0
         0         0         0
         0         0         0
         0         0         0
         0         0         0
         0         0         0
         0         0         0
 -493.3650 -869.8220         0
         0         0         0
         0         0         0
  869.8220 -493.3650         0
         0         0         0
         0         0         0
         0         0         0
         0         0         0
         0         0         0
         0         0         0
         0         0         0
         0         0         0
         0         0         0
         0         0         0
         0         0         0
         0         0         0
         0         0         0
         0         0         0
         0         0         0
         0         0         0
         0         0         0
         0         0         0
         0         0         0
         0         0         0
         0         0         0
         0         0         0
         0         0         0
         0         0         0
         0         0         0
         0         0         0
         0         0         0
         0         0         0
         0         0         0
         0         0         0
         0         0         0
 -292.6090 -956.2320         0
  956.2320 -292.6090         0
  883.0640  469.2530         0
 -469.2530  883.0640         0
         0         0         0
         0         0         0
         0         0         0
         0         0         0
         0         0         0
         0         0         0
         0         0         0
         0         0         0
 -958.0850  286.4840         0
  286.4840  958.0850         0
         0         0         0
         0         0         0
         0         0         0
         0         0         0
         0         0         0
         0         0         0
         0         0         0
         0         0         0
  459.5540  888.1500         0
 -888.1500  459.5540         0
         0         0         0
         0         0         0
         0         0         0
         0         0         0
  877.1690  480.1820         0
 -480.1820  877.1690         0
  480.1820 -877.1690         0
  469.2530 -883.0640         0
         0         0         0
         0         0         0
         0         0         0
         0         0         0
         0         0         0
         0         0         0
         0         0         0
  502.8920  864.3490         0
 -864.3490  502.8920         0
         0         0         0
         0         0         0
  971.1330  238.5390         0
 -242.4130  970.1730         0
  238.5390 -971.1330         0
 -280.7120 -959.7920         0
  959.7920 -280.7120         0
 -881.0250 -473.0700         0
 -971.1330 -238.5390         0
         0         0         0
  958.8170  284.0250         0
  284.0250 -958.8170         0
 -959.3090 -282.3570         0
  966.2390  257.6490         0
  257.6490 -966.2390         0
 -966.4230 -256.9550         0
  962.8490  270.0420         0
  270.0420 -962.8490         0
 -963.0530 -269.3100         0
  884.9880  465.6130         0
  465.6130 -884.9880         0
 -461.2260 -887.2830         0
  887.2830 -461.2260         0
 -301.2680  953.5400         0
  953.5400  301.2680         0
  301.2680 -953.5400         0
         0         0         0
         0         0         0
         0         0         0
         0         0         0
  924.8990 -380.2120         0
 -380.2120 -924.8990         0
  385.1520 -922.8530         0
  922.8530  385.1520         0
 -385.1520  922.8530         0
 -428.6820 -903.4560         0
  903.4560 -428.6820         0
  335.7160 -941.9630         0
 -335.7160  941.9630         0
  941.9630  335.7160         0
 -961.9060  273.3790         0
  273.3790  961.9060         0
         0         0         0
         0         0         0
         0         0         0
 -412.6840 -910.8740         0
  910.8740 -412.6840         0
  352.2740 -935.8970         0
  935.8970  352.2740         0
 -352.2740  935.8970         0
         0         0         0
         0         0         0
         0         0         0
         0         0         0
         0         0         0
 -947.5460  319.6200         0
  319.6200  947.5460         0
         0         0         0
         0         0         0
         0         0         0
         0         0         0
 -940.1850  340.6640         0
  340.6640  940.1850         0
         0         0         0
         0         0         0
         0         0         0
         0         0         0
         0         0         0
         0         0         0
         0         0         0
         0         0         0
         0         0         0
         0         0         0
         0         0         0
         0         0         0
         0         0         0
         0         0         0
  406.4880 -913.6560         0
  913.6560  406.4880         0
 -406.4880  913.6560         0
  933.4830 -358.6220         0
 -358.6220 -933.4830         0
 -914.2320  405.1900         0
  405.1900  914.2320         0
 -932.9730 -359.9470         0
         0         0         0
         0         0         0
         0         0         0
         0         0         0
         0         0         0
         0         0         0
         0         0         0
         0         0         0
  925.2520 -379.3540         0
 -379.6460 -925.1320         0
 -385.8950  922.5430         0
         0         0         0
         0         0         0
         0         0         0
  463.3340  886.1840         0
 -886.1840  463.3340         0
 -955.1140  296.2400         0
  296.2400  955.1140         0
  300.3330  953.8340         0
 -953.8340  300.3330         0
 -281.8820  959.4490         0
  871.9200 -489.6480         0
 -489.6480 -871.9200         0
 -270.3070  962.7740         0
  877.7540 -479.1130         0
 -479.1130 -877.7540         0
  471.2960  881.9750         0
 -881.9750  471.2960         0
         0         0         0
         0         0         0
         0         0         0
 -330.5950 -943.7730         0
  943.8420 -330.3970         0
 -433.7530  901.0320         0
 -301.9550  953.3220         0
 -460.5940 -887.6110         0
  887.6240 -460.5690         0
         0         0         0
         0         0         0
         0         0         0
         0         0         0
  376.4760  926.4260         0
 -926.4260  376.4760         0
         0         0         0
         0         0         0
         0         0         0
         0         0         0
         0         0         0
         0         0         0
 -321.7500 -946.8250         0
  946.8250 -321.7500         0
  441.9940 -897.0180         0
 -441.9940  897.0180         0
  897.0180  441.9940         0
  394.6670  918.8240         0
 -918.8240  394.6670         0
  419.0320 -907.9710         0
  907.9710  419.0320         0
 -419.0320  907.9710         0
 -345.7320 -938.3330         0
  938.3330 -345.7320         0
 -897.8790 -440.2420         0
 -895.2430 -445.5790         0
  439.6590 -898.1650         0
  898.1650  439.6590         0
 -439.6590  898.1650         0
 -324.2130 -945.9840         0
  945.9840 -324.2130         0
  280.3190  959.9070         0
 -959.9070  280.3190         0
 -254.4370  967.0890         0
  863.7500 -503.9210         0
 -503.9210 -863.7500         0
         0         0         0
 -391.2310  920.2920         0
  920.2920  391.2310         0
  927.3870 -374.1020         0
 -374.1020 -927.3870         0
  391.2310 -920.2920         0
         0         0         0
 -955.3660 -295.4260         0
  466.2560 -884.6500         0
  466.7200  884.4050         0
 -295.8490 -955.2350         0
  955.2350 -295.8490         0
 -884.4050  466.7200         0
  884.6500  466.2560         0
 -466.2560  884.6500         0
         0         0         0
  421.4590  906.8480         0
 -906.8480  421.4590         0
  389.6450  920.9650         0
 -920.9650  389.6450         0
  936.6580 -350.2470         0
 -350.2470 -936.6580         0
 -414.6550  909.9790         0
  926.2100 -377.0070         0
 -377.0070 -926.2100         0
  414.6550 -909.9790         0
  909.9790  414.6550         0
 -388.3450  921.5140         0
  388.3450 -921.5140         0
  921.5140  388.3450         0
         0         0         0
         0         0         0
         0         0         0
 -914.3330 -404.9620         0
  359.5580  933.1230         0
 -933.1230  359.5580         0
  360.7310 -932.6700         0
  932.6700  360.7310         0
 -360.7310  932.6700         0
  914.5720 -404.4220         0
 -404.4220 -914.5720         0
         0         0         0
         0         0         0
         0         0         0
         0         0         0
         0         0         0
         0         0         0
         0         0         0
         0         0         0
  924.1610  382.0020         0
  382.0020 -924.1610         0
         0         0         0
         0         0         0
         0         0         0
         0         0         0
         0         0         0
 -896.1490 -443.7540         0
  897.4160  441.1860         0
  441.1860 -897.4160         0
         0         0         0
         0         0         0
  881.8200  471.5850         0
  471.5850 -881.8200         0
 -879.7100 -475.5100         0
  878.0500  478.5680         0
  478.5680 -878.0500         0
 -876.9500 -480.5820         0
         0         0         0
         0         0         0
         0         0         0
         0         0         0
         0         0         0
         0         0         0
         0         0         0
         0         0         0
         0         0         0
 -886.4530 -462.8190         0
 -954.0790  299.5550         0
  299.5550  954.0790         0
  299.5550 -954.0790         0
  886.4530 -462.8190         0
 -462.8190 -886.4530         0
  954.0790  299.5550         0
 -299.5550  954.0790         0
  366.9400 -930.2450         0
  930.2450  366.9400         0
  421.3010  906.9210         0
 -906.9210  421.3010         0
 -343.0390 -939.3210         0
  939.3210 -343.0390         0
 -421.6350  906.7660         0
  316.6960 -948.5270         0
  948.5270  316.6960         0
 -316.6960  948.5270         0
  894.6480 -446.7720         0
 -446.7720 -894.6480         0
 -948.5270  316.6960         0
  316.6960  948.5270         0
 -894.6480 -446.7720         0
 -308.7100 -951.1560         0
  951.1560 -308.7100         0
  455.6720  890.1480         0
 -890.1480  455.6720         0
 -951.4580 -307.7770         0
  890.8600  454.2780         0
 -454.2780  890.8600         0
  454.2780 -890.8600         0
 -928.0680 -372.4100         0
  972.7060  232.0420         0
  232.0270 -972.7090         0
 -972.7180 -231.9900         0
 -228.0700  973.6450         0
 -527.2010 -849.7410         0
  849.7410 -527.2010         0
         0         0         0
         0         0         0
 -923.9450 -382.5250         0
  382.2250  924.0690         0
  384.8530 -922.9780         0
  922.9780  384.8530         0
 -384.8530  922.9780         0
 -924.0690  382.2250         0
 -380.5120 -924.7760         0
  924.7760 -380.5120         0
         0         0         0
         0         0         0
         0         0         0
         0         0         0
         0         0         0
         0         0         0
         0         0         0
         0         0         0
         0         0         0
  436.2250  899.8380         0
 -899.8380  436.2250         0
         0         0         0
         0         0         0
         0         0         0
 -926.7220 -375.7480         0
         0         0         0
         0         0         0
         0         0         0
 -939.9610 -341.2820         0
         0         0         0
         0         0         0
  940.0990 -340.9010         0
 -340.9010 -940.0990         0
  423.6970 -905.8040         0
 -423.6970  905.8040         0
  905.8040  423.6970         0
         0         0         0
         0         0         0
         0         0         0
         0         0         0
         0         0         0
 -370.9210 -928.6640         0
  928.6640 -370.9210         0
  394.3840 -918.9460         0
  918.9460  394.3840         0
 -394.3840  918.9460         0
 -937.8860 -346.9430         0
  494.3080  869.2870         0
 -869.2870  494.3080         0
         0         0         0
         0         0         0
         0         0         0
         0         0         0
         0         0         0
         0         0         0
         0         0         0
         0         0         0
         0         0         0
 -300.3560 -953.8270         0
  953.8270 -300.3560         0
  466.9550 -884.2810         0
  462.0740 -886.8420         0
 -462.0740  886.8420         0
  886.8420  462.0740         0
 -466.9550  884.2810         0
  884.2810  466.9550         0
 -295.0940 -955.4680         0
  955.4680 -295.0940         0
 -880.9660 -473.1790         0
 -885.2420 -465.1300         0
         0         0         0
  349.3690  936.9850         0
 -936.9850  349.3690         0
         0         0         0
         0         0         0
  507.1470  861.8600         0
 -861.8600  507.1470         0
         0         0         0
  463.1850 -886.2610         0
 -299.1600 -954.2030         0
  954.2030 -299.1600         0
  886.2610  463.1850         0
 -463.1850  886.2610         0
 -885.8810  463.9130         0
  463.9130  885.8810         0
 -954.4450 -298.3860         0
  419.3150  907.8410         0
 -907.8410  419.3150         0
         0         0         0
  447.1430 -894.4630         0
 -316.3030 -948.6580         0
  948.6580 -316.3030         0
  894.4630  447.1430         0
 -447.1430  894.4630         0
 -894.1000  447.8680         0
 -948.9110 -315.5440         0
  447.8680  894.1000         0
 -904.5460 -426.3750         0
  383.3450 -923.6050         0
  923.6050  383.3450         0
 -923.9830 -382.4340         0
  869.2470  494.3780         0
  494.3780 -869.2470         0
 -868.1520 -496.2980         0
         0         0         0
         0         0         0
         0         0         0
         0         0         0
         0         0         0
         0         0         0
         0         0         0
         0         0         0
         0         0         0
         0         0         0
         0         0         0
         0         0         0
         0         0         0
         0         0         0
         0         0         0
         0         0         0
         0         0         0
         0         0         0
         0         0         0
         0         0         0
         0         0         0
         0         0         0
         0         0         0
         0         0         0
         0         0         0
         0         0         0
         0         0         0
         0         0         0
         0         0         0
         0         0         0
         0         0         0
         0         0         0
         0         0         0
  372.4140  928.0670         0
 -928.0670  372.4140         0
         0         0         0
         0         0         0
         0         0         0
         0         0         0
         0         0         0
         0         0         0
         0         0         0
         0         0         0
         0         0         0
         0         0         0
         0         0         0
         0         0         0
         0         0         0
         0         0         0
         0         0         0
         0         0         0
         0         0         0
         0         0         0
         0         0         0
         0         0         0
         0         0         0
         0         0         0
  345.7620  938.3220         0
 -938.3220  345.7620         0
         0         0         0
         0         0         0
         0         0         0
         0         0         0
         0         0         0
         0         0         0
         0         0         0
         0         0         0
  403.4860  914.9860         0
 -914.9860  403.4860         0
  930.2320 -366.9720         0
 -366.9720 -930.2320         0
 -398.2850  917.2620         0
  398.2850 -917.2620         0
  917.2620  398.2850         0
         0         0         0
         0         0         0
         0         0         0
 -951.1920 -308.6010         0
  454.4610  890.7670         0
 -890.7670  454.4610         0
  453.2760 -891.3700         0
 -309.7790 -950.8080         0
  950.8080 -309.7790         0
  891.3700  453.2760         0
 -453.2760  891.3700         0
         0         0         0
         0         0         0
 -394.9920 -918.6850         0
  918.6880 -394.9840         0
 -370.3110  928.9080         0
 -917.7680 -397.1160         0
         0         0         0
         0         0         0
         0         0         0
         0         0         0
         0         0         0
 -258.4440  966.0260         0
 -500.3360 -865.8310         0
  865.8310 -500.3360         0
         0         0         0
         0         0         0
 -947.4620 -319.8690         0
  946.3540  323.1320         0
  323.1320 -946.3540         0
  966.0580  258.3240         0
  258.3080 -966.0630         0
 -966.0720 -258.2720         0
 -924.8220 -380.4000         0
         0         0         0
 -917.0820 -398.6980         0
  311.1600 -950.3580         0
  311.1560  950.3590         0
 -950.3590  311.1560         0
  950.3580  311.1600         0
 -311.1600  950.3580         0
 -892.0260 -451.9850         0
  892.0270 -451.9810         0
 -451.9810 -892.0270         0
         0         0         0
         0         0         0
         0         0         0
         0         0         0
         0         0         0
         0         0         0
  890.6470 -454.6950         0
 -454.6990 -890.6450         0
 -308.2620  951.3010         0
  342.6270  939.4720         0
 -939.4720  342.6270         0
         0         0         0
         0         0         0
         0         0         0
         0         0         0
 -894.9030 -446.2620         0
  340.7770 -940.1440         0
  940.1440  340.7770         0
 -340.7770  940.1440         0
 -423.8170 -905.7480         0
  905.7480 -423.8170         0
 -940.5700  339.6010         0
  339.6010  940.5700         0
 -905.5080 -424.3300         0
         0         0         0
         0         0         0
 -428.3480 -903.6140         0
  903.6160 -428.3440         0
 -336.0660  941.8390         0
         0         0         0
  426.2310 -904.6140         0
 -338.2680 -941.0500         0
  941.0500 -338.2680         0
  904.6140  426.2310         0
 -426.2310  904.6140         0
 -904.8350  425.7630         0
  425.7630  904.8350         0
 -940.8710 -338.7650         0
  332.4600  943.1180         0
 -943.1180  332.4600         0
         0         0         0
         0         0         0
 -942.6810 -333.6960         0
  430.6990  902.4960         0
 -902.4960  430.6990         0
  942.7360 -333.5390         0
 -333.5390 -942.7360         0
  430.7680 -902.4630         0
 -430.7680  902.4630         0
  902.4630  430.7680         0
         0         0         0
         0         0         0
 -389.2190 -921.1450         0
  921.1450 -389.2190         0
  376.1290 -926.5670         0
 -376.1290  926.5670         0
  926.5670  376.1290         0
  328.4360  944.5260         0
 -944.5260  328.4360         0
  520.5460  853.8340         0
 -853.8340  520.5460         0
  479.8930 -877.3270         0
 -281.0280 -959.6990         0
  959.6990 -281.0280         0
  877.3270  479.8930         0
 -479.8930  877.3270         0
 -874.1910 -485.5830         0
         0         0         0
         0         0         0
         0         0         0
         0         0         0
         0         0         0
         0         0         0
         0         0         0
         0         0         0
         0         0         0
         0         0         0
         0         0         0
         0         0         0
 -943.8390 -330.4070         0
         0         0         0
         0         0         0
 -939.1110 -343.6150         0
         0         0         0
         0         0         0
  941.4680  337.1030         0
 -337.1030  941.4680         0
  337.1030 -941.4680         0
 -427.3500 -904.0860         0
  904.0860 -427.3500         0
 -903.8380 -427.8740         0
  335.8940  941.9000         0
 -941.9000  335.8940         0
         0         0         0
 -902.5410 -430.6040         0
  417.6240 -908.6200         0
  937.7960 -347.1860         0
 -347.1860 -937.7960         0
 -417.6240  908.6200         0
  908.6200  417.6240         0
 -942.7940 -333.3760         0
  432.7770  901.5010         0
 -901.5010  432.7770         0
         0         0         0
         0         0         0
  388.0990 -921.6180         0
 -388.0990  921.6180         0
  921.6180  388.0990         0
 -377.2550 -926.1090         0
  926.1090 -377.2550         0
         0         0         0
 -917.1910 -398.4470         0
 -323.6960  946.1610         0
 -440.1600 -897.9190         0
  897.9340 -440.1300         0
         0         0         0
 -403.1910 -915.1160         0
  915.1310 -403.1580         0
 -361.9990  932.1790         0
         0         0         0
 -904.0090 -427.5130         0
